V1	V2	V3	V4	V5	V6	V7	V8	V9	V10	V11	V12	V13	V14	V15	V16	V17	V18	V19	V20	V21
0,879864391	6,518147687	5,65971034	10,34801785	0,814007567	4,65108234	28,73757031	1,974681159	2,29281527	1,803679721	11,83469828	3,119871127	7,864294037	27,30906768	5,273348114	11,99001445	3,447223117	4,766827641	9,860960067	3,340598302	14,23290355
0,879864391	13,76053401	5,65971034	10,34801785	6,512060532	7,441731745	86,21271094	3,291135266	5,349902297	3,006132868	15,77959771	0,779967782	1,572858807	26,00863588	0	1,998335742	4,309028897	3,177885094	9,860960067	3,340598302	10,67467766
3,519457562	15,20901127	10,69056398	7,761013389	0,814007567	21,39497877	35,2266991	5,924043478	4,585630541	10,22085175	17,35755748	3,119871127	12,58287046	15,60518153	5,273348114	23,98002891	8,618057793	7,150241461	18,07842679	6,681196605	8,89556472
1,759728781	5,069670424	2,515426818	3,104405355	2,4420227	3,720865872	10,19720237	3,291135266	5,349902297	3,006132868	0,788979885	0	4,718576422	2,600863588	0	11,99001445	0,861805779	2,38341382	1,643493345	0,835149576	0
4,399321953	7,966624951	1,886570113	3,621806248	0	3,720865872	12,05123916	0	6,114174054	1,803679721	3,155919541	0,779967782	0	3,901295383	3,515565409	15,98668594	2,585417338	2,38341382	8,217466723	0,835149576	1,779112944
0	10,86357948	3,144283522	3,621806248	0,814007567	2,790649404	3,708073589	4,607589372	6,878445811	3,607359442	1,577959771	0	6,29143523	14,30474974	19,33560975	17,98502168	2,585417338	2,38341382	1,643493345	3,340598302	0
0,879864391	6,518147687	5,030853636	6,208810711	7,326068099	4,65108234	13,90527596	3,291135266	4,585630541	3,006132868	3,155919541	0	20,4471645	23,4077723	14,06226164	19,98335742	0	2,38341382	11,50445341	2,505448727	19,57024238
7,918779515	7,242386319	6,288567044	13,45242321	3,256030266	12,09281408	14,83229436	1,974681159	7,642717568	5,411039163	0,788979885	0	12,58287046	9,10302256	10,54669623	15,98668594	9,479863573	8,739184008	13,14794676	1,670299151	3,558225888
0	2,896954528	3,144283522	3,104405355	1,628015133	6,511515276	8,343165575	5,924043478	5,349902297	4,208586015	0,788979885	1,559935564	6,29143523	11,70388615	0	1,998335742	0,861805779	5,561298914	9,860960067	2,505448727	8,89556472
11,43823708	16,65748853	26,41198159	30,52665266	25,23423456	41,85974106	32,4456439	43,44298551	35,92077257	35,47236784	30,77021553	11,69951673	59,76863468	37,71252203	110,7403104	23,98002891	33,61042539	35,75120731	44,3743203	16,70299151	19,57024238
7,038915124	33,31497707	17,60798772	14,48722499	7,326068099	16,74389643	27,81055192	15,79744928	13,75689162	12,62575805	10,25673851	2,339903346	44,04004661	40,31338562	65,03796007	27,97670039	9,479863573	19,06731056	26,29589351	8,351495756	14,23290355
4,399321953	26,07259075	16,35027432	21,2134366	15,46614376	22,32519523	70,45339819	18,43035749	6,114174054	5,411039163	9,467758624	14,03942007	12,58287046	54,61813536	89,64691794	27,97670039	9,479863573	61,96875933	21,36541348	17,53814109	30,24492005
8,798643905	54,31789739	38,98911568	35,1832607	24,420227	47,44103987	91,77482133	42,1265314	31,33514203	30,66255525	25,24735633	15,59935564	48,75862303	97,53238457	87,88913523	41,96505058	32,74861961	135,8545878	34,51336024	28,39508557	51,59427538
17,59728781	34,0392157	35,84483215	48,6356839	10,58209837	48,37125634	71,38041659	41,46830435	20,63533743	16,83434406	11,04571839	7,799677819	40,89432899	130,0431794	112,4980931	63,94674375	38,78126007	65,14664442	39,44384027	27,559936	72,9436307
12,31810147	23,17563622	27,669695	28,97444998	13,02412106	53,02233868	87,13972934	42,78475845	19,87106568	23,44783637	46,54981323	11,69951673	69,20578753	62,42072612	184,567184	63,94674375	40,50487163	92,95313899	31,22637355	30,06538472	51,59427538
21,11674537	99,94493121	96,21507578	85,88854817	38,25835563	124,6490067	127,0015204	72,40497585	64,19882757	72,14718883	124,6588219	50,69790582	119,5372694	249,6829045	216,2072727	163,8635309	88,76599527	175,5781514	128,1924809	58,46047029	126,317019
34,31471123	49,24822697	60,37024363	57,43149908	25,23423456	63,25471983	108,4611525	53,97461836	46,62057716	27,65642239	53,6506322	21,05913011	97,51724606	107,9358389	451,7501551	81,93176543	55,15556988	125,5264612	47,66130699	33,40598302	135,2125837
80,06765954	94,87526078	100,6170727	161,4290785	77,33071882	157,2065831	235,4626729	91,49356039	235,3957011	88,38030632	120,7139225	56,15768029	206,0445038	232,7772912	625,7706429	131,890159	99,10766462	314,6106243	216,9411215	72,65801308	190,365085
32,55498245	36,93617023	61,62795703	43,46167498	37,44434806	79,06839979	122,3664284	64,50625121	62,67028405	34,87114127	35,50409484	23,39903346	116,3915518	153,4509517	256,6362749	67,94341523	46,53751208	96,13102409	78,88768054	33,40598302	149,4454873
26,39593172	31,8664998	46,53539613	60,01850354	61,05056749	71,62666804	96,40991331	40,15185024	49,67766419	34,2699147	54,43961209	14,81938786	44,04004661	111,8371343	237,3006651	59,95007226	51,70834676	78,65265607	87,10514726	25,05448727	103,1885508
29,91538928	52,1451815	53,45281988	238,0044106	33,37431023	75,34753391	102,8990421	61,873343	55,79183824	49,30057904	44,18287358	14,03942007	114,8186929	176,858724	175,7782705	161,8651951	62,05001611	85,80289753	85,46165392	41,75747878	128,096132
42,23349075	26,79682938	35,21597545	42,94427408	26,04824213	55,81298808	63,03725101	29,62021739	56,55611	30,66255525	30,77021553	17,93925898	58,19577588	80,62677124	52,73348114	49,95839355	25,85417338	53,22957532	37,80034693	24,21933769	74,72274365
25,51606733	55,76637466	46,53539613	76,05793121	57,79453722	79,06839979	42,64284627	53,97461836	61,9060123	37,87727414	44,97185346	29,63877571	58,19577588	226,2751322	152,9270953	115,903473	43,09028897	58,79087424	83,81816057	33,40598302	71,16451776
49,27240587	50,69670424	59,11253022	89,51035442	25,23423456	61,39428689	43,56986467	53,3163913	55,02756649	43,88953987	41,81593392	32,75864684	105,3815401	84,52806663	110,7403104	89,9251084	29,3013965	64,35217315	70,67021382	58,46047029	108,5258896
29,03552489	55,04213603	50,93739306	72,43612496	38,25835563	51,16190574	63,96426941	41,46830435	50,44193595	57,71775107	65,48533048	35,87851797	80,21579918	80,62677124	45,70235032	141,8818377	62,05001611	78,65265607	98,60960067	56,79017114	30,24492005
111,7427776	138,3295787	123,2559141	203,3385508	169,3135738	179,5317783	102,8990421	121,7720048	185,7180369	194,7974099	215,3915087	177,0526865	215,4816566	293,8975855	131,8337029	439,6338633	166,3285154	211,3293587	185,7147479	127,7778851	183,2486332
27,27579611	55,76637466	57,85481681	85,37114727	56,16652209	140,4626867	93,62885812	54,63284541	81,77707797	83,57049373	86,78778739	73,3169715	75,49722276	79,32633945	142,3803991	117,9018088	126,6854496	115,1983347	138,0534409	60,13076944	74,72274365
11,43823708	27,52106801	27,04083829	21,73083749	17,90816646	19,53454583	52,84004864	17,11390338	25,98523973	16,83434406	11,83469828	13,25945229	17,30144688	23,4077723	0	17,98502168	20,6833387	34,95673603	46,01781365	2,505448727	19,57024238
5,279186343	23,17563622	7,546280453	20,17863481	14,6521362	18,60432936	40,78880948	12,50631401	12,99261986	9,619625178	11,04571839	12,47948451	14,15572927	11,70388615	0	31,97337187	20,6833387	7,150241461	3,286986689	12,52724363	19,57024238
9,678508296	39,10888612	25,15426818	21,73083749	23,60621943	25,11584464	29,66458871	28,30376329	22,9281527	17,43557063	21,3024569	8,579645601	44,04004661	42,91424921	36,9134368	35,97004336	31,88681383	26,21755202	21,36541348	12,52724363	60,4898401
418,8154499	563,4576556	546,4764762	686,5909844	481,8924794	448,3643376	344,8508438	389,6704155	1098,258514	391,3984994	447,351595	295,6077893	536,3448533	916,8044149	500,9680708	1840,467218	724,7786604	953,3655281	1173,454248	440,9589759	1192,005672
22,87647415	60,83604508	54,71053329	62,08810711	43,14240103	59,53385396	85,28569255	53,3163913	84,834165	33,66868812	37,8710345	23,39903346	53,47719945	115,7384297	203,9027937	147,8768449	64,63543345	44,49039131	108,4705607	43,42777793	177,9112944
36,9543044	58,66332919	36,47368886	42,42687319	35,00232536	53,95255515	70,45339819	44,75943961	73,37008865	32,46623498	19,72449713	34,3185824	66,06006991	84,52806663	156,4426607	145,8785092	79,2861317	57,20193169	103,5400807	35,07628218	87,17653426
26,39593172	125,2932833	28,9274084	43,97907587	45,58442373	63,25471983	114,9502813	48,05057488	19,10679392	47,49689932	44,97185346	38,21842131	56,62291707	62,42072612	161,7160088	71,94008672	34,47223117	41,31250622	44,3743203	35,91143175	81,83919542
14,95769464	58,66332919	21,38112795	34,6658598	15,46614376	43,720174	105,6800973	19,08858454	19,10679392	24,65028952	29,19225576	19,49919455	25,16574092	52,01727177	123,0447893	63,94674375	24,13056182	29,39543712	36,15685358	15,86784194	44,4778236
20,23688098	69,52690867	38,98911568	41,9094723	25,23423456	54,88277162	132,5636308	32,2531256	48,14912068	22,8466098	33,92613507	33,53861462	53,47719945	78,02590765	133,5914856	91,92344414	21,54514448	22,24519566	54,23528037	20,87873939	55,15250126
164,534641	207,8564874	158,4718895	187,816524	70,81865829	191,6245924	259,5651512	117,1644155	92,47688257	146,699284	85,20982762	180,9525254	154,1401631	375,8247885	279,48745	429,6421846	50,84654098	133,4711739	198,8626947	185,4032058	224,1682309
22,87647415	84,73591994	62,88567044	57,43149908	35,81633293	107,9051103	425,5014443	35,54426087	97,06251311	30,66255525	64,6963506	44,45816357	61,34149349	130,0431794	101,9513969	111,9068016	44,81390052	59,58534551	75,60069385	50,94412411	65,82717893
10,55837269	32,59073844	48,42196624	60,53590443	19,5361816	78,13818332	211,3601946	33,56957971	35,15650081	36,67482099	53,6506322	40,55832466	77,07008157	187,2621784	184,567184	101,9151228	18,09792137	31,77885094	65,73973378	23,38418812	67,60629187
20,23688098	42,00584065	32,07169193	40,35726962	16,28015133	53,02233868	247,5139121	20,40503865	29,80659851	30,06132868	33,92613507	17,1592912	22,0200233	106,6354071	47,46013303	71,94008672	33,61042539	23,8341382	37,80034693	24,21933769	26,68669416
11,43823708	52,1451815	123,2559141	121,0718089	39,88637076	243,7167146	290,1567583	39,49362319	49,67766419	54,11039163	107,3012644	29,63877571	55,05005826	184,6613148	279,48745	143,8801734	41,36667741	27,80649457	65,73973378	60,96591902	55,15250126
4,399321953	38,38464749	39,61797238	50,70528747	15,46614376	384,1794013	183,5496427	30,9366715	37,44931608	24,04906294	36,29307473	7,019710037	28,31145853	81,92720304	70,31130819	87,92677265	38,78126007	35,75120731	26,29589351	29,23023515	24,90758122
2,639593172	18,83020443	25,78312488	42,94427408	8,954083232	459,5269352	135,344686	15,13922222	29,80659851	16,23311749	35,50409484	11,69951673	34,60289376	67,6224533	89,64691794	89,9251084	14,65069825	15,88942547	36,15685358	14,19754279	33,80314594
7,918779515	23,89987485	47,79310954	46,56608033	17,0941589	194,4152418	70,45339819	27,64553623	30,57087027	24,04906294	52,07267243	28,85880793	50,33148184	127,4423158	61,52239466	113,9051373	11,20347513	37,34014985	46,01781365	22,54903854	28,4658071
4,399321953	20,27868169	42,7622559	31,04405355	8,954083232	129,3000891	61,18321422	22,37971981	42,03494662	19,84047693	38,66001438	29,63877571	58,19577588	87,12893021	54,49126385	83,93010117	18,09792137	46,07933386	133,1229609	33,40598302	23,12846827
4,399321953	26,79682938	35,21597545	31,04405355	15,46614376	43,720174	97,33693171	10,53163285	42,79921838	27,05519581	52,86165232	23,39903346	72,35150514	57,21899895	124,802572	45,96172207	14,65069825	30,98437966	57,52226706	12,52724363	33,80314594
13,19796586	19,55444306	35,84483215	49,15308479	20,35018916	67,90580217	81,57761896	38,83539614	40,50640311	16,83434406	47,33879312	17,1592912	34,60289376	114,4379979	40,42900221	83,93010117	37,05764851	23,8341382	47,66130699	16,70299151	51,59427538
12,31810147	45,62703381	44,64882602	34,14845891	42,32839346	38,13887519	92,70183973	38,83539614	54,26329473	24,04906294	22,88041667	30,41874349	51,90434065	87,12893021	144,1381818	63,94674375	26,71597916	38,13462113	24,65240017	26,72478642	48,03604949
3,519457562	31,14226117	36,47368886	31,56145445	13,02412106	62,32450336	68,5993614	15,13922222	16,04970689	43,2883133	47,33879312	21,83909789	36,17575257	57,21899895	175,7782705	15,98668594	13,78889247	23,8341382	44,3743203	12,52724363	8,89556472
7,918779515	18,1059658	17,60798772	18,62643213	8,954083232	32,55757638	80,65060056	17,11390338	22,9281527	29,46010211	14,99061782	15,59935564	185,5973393	80,62677124	581,8260753	115,903473	10,34166935	24,62860948	70,67021382	18,37329066	188,5859721
14,95769464	14,48477264	6,917423749	15,00462588	8,954083232	10,23238115	54,69408544	15,13922222	15,28543514	15,03066434	11,83469828	10,91954895	91,22581083	50,71683998	344,5254101	53,95506504	21,54514448	12,71154038	37,80034693	12,52724363	122,7587931
23,75633854	50,69670424	33,95826204	41,9094723	48,84045399	39,99930813	113,0962445	23,69617391	34,39222905	33,66868812	31,55919541	22,61906567	56,62291707	66,32202151	156,4426607	81,93176543	36,19584273	49,25721895	47,66130699	33,40598302	48,03604949
6,159050734	10,86357948	10,06170727	21,2134366	6,512060532	11,16259762	106,6071157	15,13922222	19,10679392	6,012265736	11,04571839	7,019710037	12,58287046	62,42072612	63,28017737	21,98169316	18,95972715	18,27283929	31,22637355	16,70299151	32,02403299
24,63620294	37,66040886	32,07169193	52,25749015	52,91049183	37,20865872	73,23445338	21,72149275	64,96309932	30,66255525	38,66001438	46,79806691	81,78865799	79,32633945	123,0447893	59,95007226	42,22848319	61,96875933	42,73082696	25,88963684	48,03604949
35,19457562	26,79682938	45,90653942	60,01850354	56,16652209	52,09212221	59,32917742	38,83539614	31,33514203	44,49076645	29,98123564	60,0575192	97,51724606	59,81986253	114,2558758	97,91845136	31,02500806	74,6802997	34,51336024	49,27382496	76,50185659
260,4398596	220,1685441	230,7904105	251,4568338	167,6855587	291,1577545	165,9362931	171,7972609	154,3828949	213,4354336	202,7678305	376,7244386	309,8531851	435,6446511	362,1032372	589,5090439	117,205586	255,8197501	294,1853087	282,2805566	343,3687982
190,0507084	167,299124	124,5136275	166,6030874	83,84277935	208,3684888	124,2204652	113,2150531	86,36270851	150,3066434	123,0808621	287,0281437	220,200233	399,2325608	402,5322394	555,5373363	31,88681383	109,6370357	198,8626947	172,0408126	284,658071
37,83416879	26,79682938	25,78312488	32,07885534	22,79221186	23,2554117	25,02949673	21,72149275	22,16388095	18,03679721	13,41265805	28,85880793	58,19577588	63,72115792	147,6537472	73,93842246	27,57778494	19,86178184	19,72192013	47,60352581	120,9796802
64,23010051	34,0392157	27,669695	33,63105802	33,37431023	34,41800932	54,69408544	40,81007729	47,38484892	22,24538322	26,8253161	28,85880793	17,30144688	49,41640818	77,34243901	57,95173652	56,87918144	30,18990839	19,72192013	33,40598302	46,25693654
58,07104978	34,76345433	38,36025897	40,35726962	26,04824213	33,48779285	32,4456439	35,54426087	35,92077257	22,8466098	20,51347702	38,21842131	58,19577588	59,81986253	45,70235032	53,95506504	25,85417338	27,0120233	21,36541348	33,40598302	49,81516243
41,35362636	42,00584065	59,11253022	36,21806248	35,00232536	41,85974106	35,2266991	40,81007729	55,02756649	30,66255525	35,50409484	47,57803469	34,60289376	52,01727177	66,79574278	103,9134586	28,43959072	38,9290924	39,44384027	68,4822652	49,81516243
22,87647415	15,20901127	127,657911	23,80044106	13,83812863	40,9295246	38,93477268	34,88603382	12,22834811	34,2699147	31,55919541	22,61906567	22,0200233	62,42072612	52,73348114	65,94507949	9,479863573	7,150241461	59,1657604	52,61442326	8,89556472
11,43823708	15,20901127	9,432850567	18,62643213	4,884045399	10,23238115	25,95651512	8,556951691	8,406989324	9,619625178	7,100818968	17,1592912	9,437152845	7,802590765	22,85117516	13,98835019	13,78889247	3,177885094	13,14794676	12,52724363	12,45379061
21,11674537	23,17563622	25,15426818	24,83524284	4,884045399	14,88346349	41,71582788	11,1898599	12,99261986	18,03679721	6,311839083	24,17900124	25,16574092	20,80690871	35,15565409	9,991678711	18,95972715	10,32812655	11,50445341	21,71388897	14,23290355
5,279186343	11,58781811	1,886570113	5,691409818	0,814007567	6,511515276	14,83229436	10,53163285	5,349902297	5,411039163	3,944899427	10,13958116	26,73859973	23,4077723	17,57782705	3,996671484	8,618057793	3,177885094	6,573973378	7,516346181	14,23290355
0,879864391	5,069670424	4,401996931	2,06960357	6,512060532	6,511515276	11,12422077	1,974681159	4,585630541	2,404906294	2,366939656	3,899838909	3,145717615	11,70388615	0	7,993342968	1,723611559	0	6,573973378	2,505448727	1,779112944
0	0,724238632	0,628856704	3,104405355	0,814007567	9,302164681	5,562110384	0	1,528543514	2,404906294	3,944899427	0,779967782	9,437152845	9,10302256	0	0	2,585417338	2,38341382	1,643493345	0,835149576	5,337338832
0	7,242386319	2,515426818	3,621806248	0	5,581298808	2,781055192	1,974681159	6,878445811	1,803679721	3,155919541	0	4,718576422	3,901295383	0	5,995007226	6,894446235	0	4,930480034	0,835149576	0
3,519457562	4,345431792	1,886570113	4,139207141	0	0,930216468	1,854036795	0,658227053	0,764271757	3,006132868	1,577959771	1,559935564	1,572858807	1,300431794	0	1,998335742	4,309028897	1,588942547	1,643493345	0,835149576	3,558225888
0	2,172715896	0,628856704	1,034801785	0,814007567	0	1,854036795	1,316454106	1,528543514	0,601226574	0	0	6,29143523	0	0	0	0	0	3,286986689	2,505448727	0
0,879864391	0	0,628856704	0	0	0	0	0,658227053	0	0,601226574	0,788979885	0	0	2,600863588	0	1,998335742	0	2,38341382	0	0,835149576	1,779112944
