C1										
V1	V2	V3	V4	V5	V6	V7	V8	V9	V10	V11
0,879864391	6,518147687	5,65971034	10,34801785	0,814007567	4,65108234	28,73757031	1,974681159	2,29281527	1,803679721	11,83469828
0,879864391	13,76053401	5,65971034	10,34801785	6,512060532	7,441731745	86,21271094	3,291135266	5,349902297	3,006132868	15,77959771
3,519457562	15,20901127	10,69056398	7,761013389	0,814007567	21,39497877	35,2266991	5,924043478	4,585630541	10,22085175	17,35755748
1,759728781	5,069670424	2,515426818	3,104405355	2,4420227	3,720865872	10,19720237	3,291135266	5,349902297	3,006132868	0,788979885
4,399321953	7,966624951	1,886570113	3,621806248	0	3,720865872	12,05123916	0	6,114174054	1,803679721	3,155919541
0	10,86357948	3,144283522	3,621806248	0,814007567	2,790649404	3,708073589	4,607589372	6,878445811	3,607359442	1,577959771
0,879864391	6,518147687	5,030853636	6,208810711	7,326068099	4,65108234	13,90527596	3,291135266	4,585630541	3,006132868	3,155919541
7,918779515	7,242386319	6,288567044	13,45242321	3,256030266	12,09281408	14,83229436	1,974681159	7,642717568	5,411039163	0,788979885
0	2,896954528	3,144283522	3,104405355	1,628015133	6,511515276	8,343165575	5,924043478	5,349902297	4,208586015	0,788979885
11,43823708	16,65748853	26,41198159	30,52665266	25,23423456	41,85974106	32,4456439	43,44298551	35,92077257	35,47236784	30,77021553
7,038915124	33,31497707	17,60798772	14,48722499	7,326068099	16,74389643	27,81055192	15,79744928	13,75689162	12,62575805	10,25673851
4,399321953	26,07259075	16,35027432	21,2134366	15,46614376	22,32519523	70,45339819	18,43035749	6,114174054	5,411039163	9,467758624
8,798643905	54,31789739	38,98911568	35,1832607	24,420227	47,44103987	91,77482133	42,1265314	31,33514203	30,66255525	25,24735633
17,59728781	34,0392157	35,84483215	48,6356839	10,58209837	48,37125634	71,38041659	41,46830435	20,63533743	16,83434406	11,04571839
12,31810147	23,17563622	27,669695	28,97444998	13,02412106	53,02233868	87,13972934	42,78475845	19,87106568	23,44783637	46,54981323
21,11674537	99,94493121	96,21507578	85,88854817	38,25835563	124,6490067	127,0015204	72,40497585	64,19882757	72,14718883	124,6588219
34,31471123	49,24822697	60,37024363	57,43149908	25,23423456	63,25471983	108,4611525	53,97461836	46,62057716	27,65642239	53,6506322
80,06765954	94,87526078	100,6170727	161,4290785	77,33071882	157,2065831	235,4626729	91,49356039	235,3957011	88,38030632	120,7139225
32,55498245	36,93617023	61,62795703	43,46167498	37,44434806	79,06839979	122,3664284	64,50625121	62,67028405	34,87114127	35,50409484
26,39593172	31,8664998	46,53539613	60,01850354	61,05056749	71,62666804	96,40991331	40,15185024	49,67766419	34,2699147	54,43961209
29,91538928	52,1451815	53,45281988	238,0044106	33,37431023	75,34753391	102,8990421	61,873343	55,79183824	49,30057904	44,18287358
42,23349075	26,79682938	35,21597545	42,94427408	26,04824213	55,81298808	63,03725101	29,62021739	56,55611	30,66255525	30,77021553
25,51606733	55,76637466	46,53539613	76,05793121	57,79453722	79,06839979	42,64284627	53,97461836	61,9060123	37,87727414	44,97185346
49,27240587	50,69670424	59,11253022	89,51035442	25,23423456	61,39428689	43,56986467	53,3163913	55,02756649	43,88953987	41,81593392
29,03552489	55,04213603	50,93739306	72,43612496	38,25835563	51,16190574	63,96426941	41,46830435	50,44193595	57,71775107	65,48533048
111,7427776	138,3295787	123,2559141	203,3385508	169,3135738	179,5317783	102,8990421	121,7720048	185,7180369	194,7974099	215,3915087
27,27579611	55,76637466	57,85481681	85,37114727	56,16652209	140,4626867	93,62885812	54,63284541	81,77707797	83,57049373	86,78778739
11,43823708	27,52106801	27,04083829	21,73083749	17,90816646	19,53454583	52,84004864	17,11390338	25,98523973	16,83434406	11,83469828
5,279186343	23,17563622	7,546280453	20,17863481	14,6521362	18,60432936	40,78880948	12,50631401	12,99261986	9,619625178	11,04571839
9,678508296	39,10888612	25,15426818	21,73083749	23,60621943	25,11584464	29,66458871	28,30376329	22,9281527	17,43557063	21,3024569
418,8154499	563,4576556	546,4764762	686,5909844	481,8924794	448,3643376	344,8508438	389,6704155	1098,258514	391,3984994	447,351595
22,87647415	60,83604508	54,71053329	62,08810711	43,14240103	59,53385396	85,28569255	53,3163913	84,834165	33,66868812	37,8710345
36,9543044	58,66332919	36,47368886	42,42687319	35,00232536	53,95255515	70,45339819	44,75943961	73,37008865	32,46623498	19,72449713
26,39593172	125,2932833	28,9274084	43,97907587	45,58442373	63,25471983	114,9502813	48,05057488	19,10679392	47,49689932	44,97185346
14,95769464	58,66332919	21,38112795	34,6658598	15,46614376	43,720174	105,6800973	19,08858454	19,10679392	24,65028952	29,19225576
20,23688098	69,52690867	38,98911568	41,9094723	25,23423456	54,88277162	132,5636308	32,2531256	48,14912068	22,8466098	33,92613507
164,534641	207,8564874	158,4718895	187,816524	70,81865829	191,6245924	259,5651512	117,1644155	92,47688257	146,699284	85,20982762
22,87647415	84,73591994	62,88567044	57,43149908	35,81633293	107,9051103	425,5014443	35,54426087	97,06251311	30,66255525	64,6963506
10,55837269	32,59073844	48,42196624	60,53590443	19,5361816	78,13818332	211,3601946	33,56957971	35,15650081	36,67482099	53,6506322
20,23688098	42,00584065	32,07169193	40,35726962	16,28015133	53,02233868	247,5139121	20,40503865	29,80659851	30,06132868	33,92613507
11,43823708	52,1451815	123,2559141	121,0718089	39,88637076	243,7167146	290,1567583	39,49362319	49,67766419	54,11039163	107,3012644
4,399321953	38,38464749	39,61797238	50,70528747	15,46614376	384,1794013	183,5496427	30,9366715	37,44931608	24,04906294	36,29307473
2,639593172	18,83020443	25,78312488	42,94427408	8,954083232	459,5269352	135,344686	15,13922222	29,80659851	16,23311749	35,50409484
7,918779515	23,89987485	47,79310954	46,56608033	17,0941589	194,4152418	70,45339819	27,64553623	30,57087027	24,04906294	52,07267243
4,399321953	20,27868169	42,7622559	31,04405355	8,954083232	129,3000891	61,18321422	22,37971981	42,03494662	19,84047693	38,66001438
4,399321953	26,79682938	35,21597545	31,04405355	15,46614376	43,720174	97,33693171	10,53163285	42,79921838	27,05519581	52,86165232
13,19796586	19,55444306	35,84483215	49,15308479	20,35018916	67,90580217	81,57761896	38,83539614	40,50640311	16,83434406	47,33879312
12,31810147	45,62703381	44,64882602	34,14845891	42,32839346	38,13887519	92,70183973	38,83539614	54,26329473	24,04906294	22,88041667
3,519457562	31,14226117	36,47368886	31,56145445	13,02412106	62,32450336	68,5993614	15,13922222	16,04970689	43,2883133	47,33879312
7,918779515	18,1059658	17,60798772	18,62643213	8,954083232	32,55757638	80,65060056	17,11390338	22,9281527	29,46010211	14,99061782
14,95769464	14,48477264	6,917423749	15,00462588	8,954083232	10,23238115	54,69408544	15,13922222	15,28543514	15,03066434	11,83469828
23,75633854	50,69670424	33,95826204	41,9094723	48,84045399	39,99930813	113,0962445	23,69617391	34,39222905	33,66868812	31,55919541
6,159050734	10,86357948	10,06170727	21,2134366	6,512060532	11,16259762	106,6071157	15,13922222	19,10679392	6,012265736	11,04571839
24,63620294	37,66040886	32,07169193	52,25749015	52,91049183	37,20865872	73,23445338	21,72149275	64,96309932	30,66255525	38,66001438
35,19457562	26,79682938	45,90653942	60,01850354	56,16652209	52,09212221	59,32917742	38,83539614	31,33514203	44,49076645	29,98123564
260,4398596	220,1685441	230,7904105	251,4568338	167,6855587	291,1577545	165,9362931	171,7972609	154,3828949	213,4354336	202,7678305
190,0507084	167,299124	124,5136275	166,6030874	83,84277935	208,3684888	124,2204652	113,2150531	86,36270851	150,3066434	123,0808621
37,83416879	26,79682938	25,78312488	32,07885534	22,79221186	23,2554117	25,02949673	21,72149275	22,16388095	18,03679721	13,41265805
64,23010051	34,0392157	27,669695	33,63105802	33,37431023	34,41800932	54,69408544	40,81007729	47,38484892	22,24538322	26,8253161
58,07104978	34,76345433	38,36025897	40,35726962	26,04824213	33,48779285	32,4456439	35,54426087	35,92077257	22,8466098	20,51347702
41,35362636	42,00584065	59,11253022	36,21806248	35,00232536	41,85974106	35,2266991	40,81007729	55,02756649	30,66255525	35,50409484
22,87647415	15,20901127	127,657911	23,80044106	13,83812863	40,9295246	38,93477268	34,88603382	12,22834811	34,2699147	31,55919541
11,43823708	15,20901127	9,432850567	18,62643213	4,884045399	10,23238115	25,95651512	8,556951691	8,406989324	9,619625178	7,100818968
21,11674537	23,17563622	25,15426818	24,83524284	4,884045399	14,88346349	41,71582788	11,1898599	12,99261986	18,03679721	6,311839083
5,279186343	11,58781811	1,886570113	5,691409818	0,814007567	6,511515276	14,83229436	10,53163285	5,349902297	5,411039163	3,944899427
0,879864391	5,069670424	4,401996931	2,06960357	6,512060532	6,511515276	11,12422077	1,974681159	4,585630541	2,404906294	2,366939656
0	0,724238632	0,628856704	3,104405355	0,814007567	9,302164681	5,562110384	0	1,528543514	2,404906294	3,944899427
0	7,242386319	2,515426818	3,621806248	0	5,581298808	2,781055192	1,974681159	6,878445811	1,803679721	3,155919541
3,519457562	4,345431792	1,886570113	4,139207141	0	0,930216468	1,854036795	0,658227053	0,764271757	3,006132868	1,577959771
0	2,172715896	0,628856704	1,034801785	0,814007567	0	1,854036795	1,316454106	1,528543514	0,601226574	0
0,879864391	0	0,628856704	0	0	0	0	0,658227053	0	0,601226574	0,788979885
										
C2										
V1	V2	V3	V4	V5	V6	V7	V8	V9	V10	
3,119871127	7,864294037	27,30906768	5,273348114	11,99001445	3,447223117	4,766827641	9,860960067	3,340598302	14,23290355	
0,779967782	1,572858807	26,00863588	0	1,998335742	4,309028897	3,177885094	9,860960067	3,340598302	10,67467766	
3,119871127	12,58287046	15,60518153	5,273348114	23,98002891	8,618057793	7,150241461	18,07842679	6,681196605	8,89556472	
0	4,718576422	2,600863588	0	11,99001445	0,861805779	2,38341382	1,643493345	0,835149576	0	
0,779967782	0	3,901295383	3,515565409	15,98668594	2,585417338	2,38341382	8,217466723	0,835149576	1,779112944	
0	6,29143523	14,30474974	19,33560975	17,98502168	2,585417338	2,38341382	1,643493345	3,340598302	0	
0	20,4471645	23,4077723	14,06226164	19,98335742	0	2,38341382	11,50445341	2,505448727	19,57024238	
0	12,58287046	9,10302256	10,54669623	15,98668594	9,479863573	8,739184008	13,14794676	1,670299151	3,558225888	
1,559935564	6,29143523	11,70388615	0	1,998335742	0,861805779	5,561298914	9,860960067	2,505448727	8,89556472	
11,69951673	59,76863468	37,71252203	110,7403104	23,98002891	33,61042539	35,75120731	44,3743203	16,70299151	19,57024238	
2,339903346	44,04004661	40,31338562	65,03796007	27,97670039	9,479863573	19,06731056	26,29589351	8,351495756	14,23290355	
14,03942007	12,58287046	54,61813536	89,64691794	27,97670039	9,479863573	61,96875933	21,36541348	17,53814109	30,24492005	
15,59935564	48,75862303	97,53238457	87,88913523	41,96505058	32,74861961	135,8545878	34,51336024	28,39508557	51,59427538	
7,799677819	40,89432899	130,0431794	112,4980931	63,94674375	38,78126007	65,14664442	39,44384027	27,559936	72,9436307	
11,69951673	69,20578753	62,42072612	184,567184	63,94674375	40,50487163	92,95313899	31,22637355	30,06538472	51,59427538	
50,69790582	119,5372694	249,6829045	216,2072727	163,8635309	88,76599527	175,5781514	128,1924809	58,46047029	126,317019	
21,05913011	97,51724606	107,9358389	451,7501551	81,93176543	55,15556988	125,5264612	47,66130699	33,40598302	135,2125837	
56,15768029	206,0445038	232,7772912	625,7706429	131,890159	99,10766462	314,6106243	216,9411215	72,65801308	190,365085	
23,39903346	116,3915518	153,4509517	256,6362749	67,94341523	46,53751208	96,13102409	78,88768054	33,40598302	149,4454873	
14,81938786	44,04004661	111,8371343	237,3006651	59,95007226	51,70834676	78,65265607	87,10514726	25,05448727	103,1885508	
14,03942007	114,8186929	176,858724	175,7782705	161,8651951	62,05001611	85,80289753	85,46165392	41,75747878	128,096132	
17,93925898	58,19577588	80,62677124	52,73348114	49,95839355	25,85417338	53,22957532	37,80034693	24,21933769	74,72274365	
29,63877571	58,19577588	226,2751322	152,9270953	115,903473	43,09028897	58,79087424	83,81816057	33,40598302	71,16451776	
32,75864684	105,3815401	84,52806663	110,7403104	89,9251084	29,3013965	64,35217315	70,67021382	58,46047029	108,5258896	
35,87851797	80,21579918	80,62677124	45,70235032	141,8818377	62,05001611	78,65265607	98,60960067	56,79017114	30,24492005	
177,0526865	215,4816566	293,8975855	131,8337029	439,6338633	166,3285154	211,3293587	185,7147479	127,7778851	183,2486332	
73,3169715	75,49722276	79,32633945	142,3803991	117,9018088	126,6854496	115,1983347	138,0534409	60,13076944	74,72274365	
13,25945229	17,30144688	23,4077723	0	17,98502168	20,6833387	34,95673603	46,01781365	2,505448727	19,57024238	
12,47948451	14,15572927	11,70388615	0	31,97337187	20,6833387	7,150241461	3,286986689	12,52724363	19,57024238	
8,579645601	44,04004661	42,91424921	36,9134368	35,97004336	31,88681383	26,21755202	21,36541348	12,52724363	60,4898401	
295,6077893	536,3448533	916,8044149	500,9680708	1840,467218	724,7786604	953,3655281	1173,454248	440,9589759	1192,005672	
23,39903346	53,47719945	115,7384297	203,9027937	147,8768449	64,63543345	44,49039131	108,4705607	43,42777793	177,9112944	
34,3185824	66,06006991	84,52806663	156,4426607	145,8785092	79,2861317	57,20193169	103,5400807	35,07628218	87,17653426	
38,21842131	56,62291707	62,42072612	161,7160088	71,94008672	34,47223117	41,31250622	44,3743203	35,91143175	81,83919542	
19,49919455	25,16574092	52,01727177	123,0447893	63,94674375	24,13056182	29,39543712	36,15685358	15,86784194	44,4778236	
33,53861462	53,47719945	78,02590765	133,5914856	91,92344414	21,54514448	22,24519566	54,23528037	20,87873939	55,15250126	
180,9525254	154,1401631	375,8247885	279,48745	429,6421846	50,84654098	133,4711739	198,8626947	185,4032058	224,1682309	
44,45816357	61,34149349	130,0431794	101,9513969	111,9068016	44,81390052	59,58534551	75,60069385	50,94412411	65,82717893	
40,55832466	77,07008157	187,2621784	184,567184	101,9151228	18,09792137	31,77885094	65,73973378	23,38418812	67,60629187	
17,1592912	22,0200233	106,6354071	47,46013303	71,94008672	33,61042539	23,8341382	37,80034693	24,21933769	26,68669416	
29,63877571	55,05005826	184,6613148	279,48745	143,8801734	41,36667741	27,80649457	65,73973378	60,96591902	55,15250126	
7,019710037	28,31145853	81,92720304	70,31130819	87,92677265	38,78126007	35,75120731	26,29589351	29,23023515	24,90758122	
11,69951673	34,60289376	67,6224533	89,64691794	89,9251084	14,65069825	15,88942547	36,15685358	14,19754279	33,80314594	
28,85880793	50,33148184	127,4423158	61,52239466	113,9051373	11,20347513	37,34014985	46,01781365	22,54903854	28,4658071	
29,63877571	58,19577588	87,12893021	54,49126385	83,93010117	18,09792137	46,07933386	133,1229609	33,40598302	23,12846827	
23,39903346	72,35150514	57,21899895	124,802572	45,96172207	14,65069825	30,98437966	57,52226706	12,52724363	33,80314594	
17,1592912	34,60289376	114,4379979	40,42900221	83,93010117	37,05764851	23,8341382	47,66130699	16,70299151	51,59427538	
30,41874349	51,90434065	87,12893021	144,1381818	63,94674375	26,71597916	38,13462113	24,65240017	26,72478642	48,03604949	
21,83909789	36,17575257	57,21899895	175,7782705	15,98668594	13,78889247	23,8341382	44,3743203	12,52724363	8,89556472	
15,59935564	185,5973393	80,62677124	581,8260753	115,903473	10,34166935	24,62860948	70,67021382	18,37329066	188,5859721	
10,91954895	91,22581083	50,71683998	344,5254101	53,95506504	21,54514448	12,71154038	37,80034693	12,52724363	122,7587931	
22,61906567	56,62291707	66,32202151	156,4426607	81,93176543	36,19584273	49,25721895	47,66130699	33,40598302	48,03604949	
7,019710037	12,58287046	62,42072612	63,28017737	21,98169316	18,95972715	18,27283929	31,22637355	16,70299151	32,02403299	
46,79806691	81,78865799	79,32633945	123,0447893	59,95007226	42,22848319	61,96875933	42,73082696	25,88963684	48,03604949	
60,0575192	97,51724606	59,81986253	114,2558758	97,91845136	31,02500806	74,6802997	34,51336024	49,27382496	76,50185659	
376,7244386	309,8531851	435,6446511	362,1032372	589,5090439	117,205586	255,8197501	294,1853087	282,2805566	343,3687982	
287,0281437	220,200233	399,2325608	402,5322394	555,5373363	31,88681383	109,6370357	198,8626947	172,0408126	284,658071	
28,85880793	58,19577588	63,72115792	147,6537472	73,93842246	27,57778494	19,86178184	19,72192013	47,60352581	120,9796802	
28,85880793	17,30144688	49,41640818	77,34243901	57,95173652	56,87918144	30,18990839	19,72192013	33,40598302	46,25693654	
38,21842131	58,19577588	59,81986253	45,70235032	53,95506504	25,85417338	27,0120233	21,36541348	33,40598302	49,81516243	
47,57803469	34,60289376	52,01727177	66,79574278	103,9134586	28,43959072	38,9290924	39,44384027	68,4822652	49,81516243	
22,61906567	22,0200233	62,42072612	52,73348114	65,94507949	9,479863573	7,150241461	59,1657604	52,61442326	8,89556472	
17,1592912	9,437152845	7,802590765	22,85117516	13,98835019	13,78889247	3,177885094	13,14794676	12,52724363	12,45379061	
24,17900124	25,16574092	20,80690871	35,15565409	9,991678711	18,95972715	10,32812655	11,50445341	21,71388897	14,23290355	
10,13958116	26,73859973	23,4077723	17,57782705	3,996671484	8,618057793	3,177885094	6,573973378	7,516346181	14,23290355	
3,899838909	3,145717615	11,70388615	0	7,993342968	1,723611559	0	6,573973378	2,505448727	1,779112944	
0,779967782	9,437152845	9,10302256	0	0	2,585417338	2,38341382	1,643493345	0,835149576	5,337338832	
0	4,718576422	3,901295383	0	5,995007226	6,894446235	0	4,930480034	0,835149576	0	
1,559935564	1,572858807	1,300431794	0	1,998335742	4,309028897	1,588942547	1,643493345	0,835149576	3,558225888	
0	6,29143523	0	0	0	0	0	3,286986689	2,505448727	0	
0	0	2,600863588	0	1,998335742	0	2,38341382	0	0,835149576	1,779112944	
										
L1										
V1	V2	V3	V4	V5	V6	V7	V8	V9	V10	
0,641528493	1,206842613	12,6741747	8,016958404	33,17428922	9,616644012	17,35822519	10,03105432	3,712878102	67,97974568	
5,77375644	10,86158352	6,337087348	6,012718803	25,08299917	13,46330162	21,69778149	8,359211931	4,641097628	36,60447844	
7,056813427	8,447898291	7,604504817	11,02331781	33,98341823	26,92660323	60,75378817	15,04658148	50,12385438	52,29211206	
0,641528493	1,206842613	1,26741747	0	29,1286442	1,923328802	0	3,343684772	4,641097628	15,68763362	
0	6,034213065	0	16,03391681	12,94606409	2,884993203	8,679112596	4,179605965	8,35397573	13,07302801	
2,566113973	4,827370452	5,069669878	7,014838604	8,091290054	0	4,339556298	0,835921193	4,641097628	57,52132327	
0	2,413685226	1,26741747	6,012718803	31,55603121	6,731650808	4,339556298	4,179605965	4,641097628	54,90671766	
2,566113973	14,48211136	13,94159216	14,02967721	12,94606409	6,731650808	17,35822519	2,507763579	8,35397573	23,53145043	
1,92458548	6,034213065	7,604504817	14,02967721	27,51038619	9,616644012	8,679112596	3,343684772	6,497536679	23,53145043	
8,339870413	39,82580623	22,81351445	72,15262564	84,95854557	54,81487087	52,07467558	41,79605965	39,9134396	78,43816809	
13,47209836	24,13685226	24,08093192	28,05935442	43,69296629	30,77326084	47,73511928	16,71842386	15,77973193	190,866209	
10,90598439	19,30948181	19,01126204	30,06359402	108,4232867	24,04161003	56,41423187	9,195133124	11,13863431	130,7302801	
25,66113973	48,27370452	35,48768915	55,11658903	32,36516022	80,7798097	73,77245707	44,30382323	38,98522007	146,4179138	
2,566113973	61,54897326	30,41801927	50,10599003	199,0457353	56,73819967	60,75378817	23,40579341	20,42082956	311,1380668	
22,45349727	36,20527839	35,48768915	33,06995342	218,4648315	64,43151488	104,1493512	28,42132056	38,05700055	167,3347586	
46,83158001	127,925317	68,44054335	132,2798137	327,6972472	144,2496602	186,6009208	45,97566562	103,9605869	535,9941486	
41,69935207	77,23792723	20,27867951	72,15262564	169,9170911	72,12483009	173,5822519	24,2417146	43,6263177	243,1583211	
71,85119125	194,3016607	119,1372421	140,2967721	245,9752177	154,8279686	299,4293846	74,39698618	139,2329288	517,6919094	
32,71795316	111,0295204	76,04504817	96,20350085	267,0125718	112,5147349	99,80979485	46,81158681	103,9605869	355,586362	
33,35948165	82,06529768	31,68543674	106,2246989	267,0125718	102,8980909	203,959146	35,10869011	74,25756204	284,9920107	
30,79336768	82,06529768	48,16186384	101,2140999	761,3903941	87,5114605	238,6755964	20,06210863	69,61646442	486,3166422	
22,45349727	63,96265849	39,28994156	58,12294843	190,1453163	55,77653527	130,1866889	48,4834292	56,62139106	175,1785754	
28,22725371	102,5816221	46,89444637	74,15686524	290,477313	86,5497961	173,5822519	29,25724176	106,7452454	444,4829525	
66,07743481	111,0295204	54,49895119	108,2289385	278,3403779	152,9046398	229,9964838	27,58539937	87,2526354	266,6897715	
51,32227947	101,3747795	82,38213552	95,20138105	118,9419638	97,12810452	182,2613645	59,35040471	85,39619635	196,0954202	
160,3821233	314,985922	158,4271837	212,4493977	296,141216	206,7578462	355,8436164	238,23754	199,567198	677,1828512	
50,68075097	139,9937431	60,83603854	95,20138105	103,5685127	99,05143332	312,4480535	51,82711397	50,12385438	287,6066163	
14,11362685	31,37790794	22,81351445	21,04451581	53,40251436	28,84993203	112,8284637	23,40579341	8,35397573	88,8965905	
7,056813427	20,51632442	7,604504817	25,05299501	50,97512734	14,42496602	39,05600668	20,89802983	3,712878102	57,52132327	
7,056813427	38,61896361	26,61576686	26,05511481	29,1286442	39,42824045	177,9218082	45,97566562	27,84658577	81,05277369	
394,5400234	1006,506739	888,4596461	807,7085592	865,7680358	909,7345235	3671,264628	341,891768	697,0928637	2350,530437	
19,2458548	60,34213065	58,3012036	82,17382365	111,6598028	63,46985048	243,0151527	22,56987221	104,8888064	232,6998987	
30,79336768	90,51319597	54,49895119	79,16746424	135,9336729	75,00982329	338,4853912	28,42132056	121,5967578	180,4077866	
25,66113973	84,47898291	35,48768915	93,19714145	64,73032044	53,85320646	164,9031393	29,25724176	53,83673248	159,4909418	
24,37808275	25,34369487	22,81351445	43,09115142	176,3901232	32,69658964	104,1493512	15,04658148	37,12878102	101,9696185	
27,58572521	54,30791758	40,55735902	33,06995342	101,1411257	74,04815889	91,13068226	30,09316295	62,19070821	251,0021379	
155,8914239	234,1274669	191,3800379	202,4281997	313,1329251	326,9658964	559,8027624	80,24843454	116,9556602	567,3694158	
43,62393755	74,824242	74,7776307	65,13778704	259,7304107	116,3613925	160,563583	42,63198085	132,7353922	397,4200517	
34,64253864	59,13528803	57,03378613	69,14626624	232,2200246	77,89481649	125,8471326	34,27276892	69,61646442	334,6695172	
18,60432631	44,65317668	41,82477649	35,07419302	109,2324157	74,04815889	86,79112596	15,88250267	71,47290347	282,3774051	
37,85018111	231,7137817	83,64955299	124,2628553	585,8093999	126,939701	151,8844704	61,0222471	45,48275675	569,9840214	
19,2458548	103,7884647	39,28994156	49,10387023	186,9088003	91,35811811	69,43290077	34,27276892	65,90358631	269,3043771	
16,03821233	68,79002894	36,75510662	34,07207322	554,2533687	54,81487087	104,1493512	18,39026625	87,2526354	193,4808146	
27,58572521	57,92844542	48,16186384	50,10599003	419,9379538	83,6648029	112,8284637	38,45237488	68,68824489	211,7830538	
21,81196877	42,23949145	21,54609698	41,08691182	51,78425635	80,7798097	121,5075763	27,58539937	82,61153777	162,1055474	
19,88738329	27,7573801	40,55735902	24,05087521	89,8133196	47,12155566	104,1493512	20,06210863	317,4510777	112,4280409	
14,11362685	53,10107497	54,49895119	60,12718803	104,3776417	56,73819967	86,79112596	25,07763579	217,203369	345,1279396	
40,41629508	67,58318632	24,08093192	45,09539102	46,92948232	74,04815889	86,79112596	50,15527159	45,48275675	151,647125	
13,47209836	38,61896361	21,54609698	34,07207322	57,44815939	28,84993203	99,80979485	32,60092653	11,13863431	180,4077866	
10,90598439	48,27370452	40,55735902	55,11658903	54,21164337	29,81159644	69,43290077	24,2417146	25,99014672	214,3976594	
10,26445589	13,27526874	16,4764271	25,05299501	39,64732127	35,58158284	73,77245707	11,7028967	28,77480529	112,4280409	
32,71795316	90,51319597	43,09219396	51,10810983	57,44815939	66,35484368	95,47023856	41,79605965	33,41590292	128,1156745	
4,490699453	21,72316703	17,74384457	32,06783362	41,26557928	28,84993203	56,41423187	15,88250267	25,99014672	164,720153	
34,64253864	86,89266813	35,48768915	101,2140999	73,6307395	43,27489805	125,8471326	78,57659215	25,99014672	196,0954202	
50,68075097	89,30635336	41,82477649	65,13778704	84,95854557	126,939701	108,4889074	29,25724176	29,70302482	151,647125	
256,6113973	387,3964788	221,7980572	287,6083828	243,5478306	583,7302915	785,4596899	160,4968691	274,7529796	949,1018339	
162,3067088	185,8537624	233,2048144	185,3921631	153,734511	345,23752	659,6125573	58,51448352	214,4187104	685,026668	
28,8687822	49,48054713	27,88318433	31,06571382	33,17428922	72,12483009	99,80979485	35,10869011	24,13370766	138,574097	
35,28406713	34,99843578	16,4764271	55,11658903	8,091290054	68,27817248	56,41423187	35,9446113	41,76987865	86,2819849	
42,34088056	51,89423236	26,61576686	37,07843262	59,8755464	75,97148769	73,77245707	25,07763579	32,48768339	120,2718577	
61,58673536	65,1695011	40,55735902	67,14202664	38,02906326	97,12810452	104,1493512	13,37473909	47,3391958	78,43816809	
26,94419672	54,30791758	22,81351445	40,08479202	57,44815939	129,8246942	104,1493512	23,40579341	10,21041478	253,6167435	
12,83056987	26,55053748	7,604504817	20,04239601	16,18258011	18,27162362	26,03733779	7,523290738	1,856439051	26,14605603	
12,18904137	25,34369487	6,337087348	12,02543761	24,27387016	38,46657605	17,35822519	4,179605965	8,35397573	60,13592887	
1,92458548	15,68895397	6,337087348	7,014838604	16,18258011	13,46330162	39,05600668	4,179605965	0	47,06290085	
4,490699453	8,447898291	5,069669878	4,008479202	23,46474116	8,65497961	0	4,179605965	0	10,45842241	
1,92458548	1,206842613	2,534834939	3,006359402	8,091290054	2,884993203	4,339556298	3,343684772	0	5,229211206	
1,283056987	3,620527839	0	5,010599003	4,854774033	3,846657605	13,01866889	0	8,35397573	5,229211206	
0	1,206842613	3,802252409	0	8,091290054	6,731650808	13,01866889	0,835921193	0,928219526	2,614605603	
0,641528493	0	0	0	7,282161049	0,961664401	8,679112596	0	0	10,45842241	
1,92458548	2,413685226	3,802252409	0	1,618258011	1,923328802	8,679112596	0	0	5,229211206	
										
L2										
V1	V2	V3	V4	V5	V6	V7	V8	V9	V10	
5,449367703	1,647070594	3,336149955	12,05810265	3,595878489	14,65874384	0	29,04572113	4,066106793	0	
2,724683851	5,490235315	5,004224933	18,48909074	2,397252326	10,99405788	5,724531145	11,44225378	27,78506308	4,614667213	
9,082279504	17,56875301	7,5063374	7,234861593	2,397252326	3,664685961	22,89812458	20,24398745	24,39664076	1,845866885	
2,724683851	3,294141189	3,336149955	5,627114572	2,397252326	3,664685961	5,724531145	7,921560307	11,52063591	3,69173377	
3,632911802	2,745117657	5,004224933	3,215494041	4,794504653	5,497028941	5,724531145	2,640520102	2,033053396	0,922933443	
2,724683851	6,039258846	0	4,823241062	2,397252326	7,329371921	5,724531145	23,76468092	15,58674271	2,768800328	
0	4,941211783	5,838262422	6,430988083	0	11,91022937	0	29,92589449	18,29748057	0	
0	8,235352972	14,17863731	10,45035563	1,198626163	8,245543411	57,24531145	39,60780153	8,132213586	0,922933443	
2,724683851	4,392188252	5,004224933	10,45035563	0	7,329371921	17,17359344	38,72762817	9,487582517	2,768800328	
25,43038261	21,41191773	51,71032431	62,70213381	15,58214012	109,0244073	74,41890489	82,73629654	39,305699	22,15040262	
7,265823604	20,31387066	24,18708718	43,40916956	16,78076628	34,81451663	57,24531145	149,6294725	220,2474513	4,614667213	
9,990507455	13,72558829	25,02112467	33,76268743	5,993130816	34,81451663	83,00570161	94,17855032	193,8177571	6,460534098	
15,43987516	41,72578839	52,5443618	52,25177817	20,37664477	77,87457666	114,4906229	89,77768348	197,2061795	23,07333606	
8,174051554	36,23555308	43,36994942	46,6246636	14,38351396	25,65280172	100,179295	397,8383621	92,84277177	12,9210682	
28,15506646	23,60801185	42,53591193	45,82079009	49,14367269	31,14983067	97,31702947	132,0260051	55,57012617	25,84213639	
38,14557392	74,11817675	105,0887236	95,66094773	81,50657909	163,0785252	483,7228818	710,2999075	126,726995	40,60907147	
25,43038261	30,19629423	59,21666171	44,21304307	44,34916804	35,73068812	194,6340589	209,4812614	52,85938831	64,60534098	
60,85127268	70,27501203	226,0241595	136,6584968	147,4310181	189,6474985	1093,385449	451,5289375	90,80971837	138,4400164	
37,23734597	29,09824717	83,40374888	63,50600732	77,9107006	68,71286176	226,1189802	324,7839726	40,66106793	52,60720623	
30,87975032	36,78457661	93,41219875	57,07501923	32,3629064	91,61714902	168,8736688	142,5880855	60,99160189	69,22000819	
17,25633106	50,51016489	74,22933651	58,68276625	73,11619595	83,3716056	125,9396852	360,8710806	125,3716261	66,45120787	
18,16455901	29,09824717	42,53591193	46,6246636	39,55466338	64,13200431	103,0415606	64,25265582	33,20653881	27,68800328	
16,34810311	40,0787178	100,0844987	84,40671858	57,53405583	71,46137623	188,9095278	345,02796	159,9335339	49,8384059	
38,14557392	52,15723549	54,21243677	75,56410997	55,1368035	62,29966133	137,3887475	280,7753042	99,61961642	53,53013967	
53,58544908	54,35332962	85,07182386	84,40671858	31,16428024	94,36566349	300,5378851	54,57074878	61,66928636	45,22373869	
126,2436851	126,2754122	249,3772092	268,4937524	153,4241489	279,4323045	558,1417867	87,13716338	223,6358736	265,8048315	
113,5284938	60,94161199	105,0887236	169,6173107	82,70520526	134,6772091	357,7831966	99,45959052	77,93371353	68,29707475	
13,62341926	16,47070594	25,02112467	32,15494041	9,589009305	10,99405788	45,79624916	17,60346735	48,11559705	24,91920295	
4,541139752	15,37265888	14,17863731	35,37043445	14,38351396	24,73663023	45,79624916	18,48364072	44,04949026	11,07520131	
9,082279504	12,62754122	27,52323713	36,97818147	19,17801861	16,49108682	74,41890489	15,84312061	84,71055818	26,76506984	
450,4810634	466,1209782	951,6367748	898,7305845	533,3886426	403,1154557	2922,37315	378,474548	973,8325769	595,2920705	
47,22785342	54,90235315	66,72299911	73,15248944	79,10932677	43,06006004	166,0114032	77,45525633	68,44613101	30,45680361	
24,52215466	37,88262367	69,22511157	71,54474242	43,15054187	30,23365917	177,4604655	92,41820358	87,42129605	23,07333606	
37,23734597	29,6472707	41,70187444	73,95636295	45,5477942	72,37754772	28,62265573	88,89751011	98,94193196	20,30453574	
23,61392671	24,15703538	33,36149955	30,54719339	46,74642036	35,73068812	42,93398359	55,45092215	222,2805047	23,99626951	
29,97152236	38,4316472	65,88896162	43,40916956	31,16428024	38,47920259	45,79624916	117,0630579	372,0487715	24,91920295	
75,38291989	125,1773652	137,6161857	178,4599193	297,2592885	82,45543411	157,4246065	238,5269826	447,2717472	41,53200492	
61,75950063	53,80430608	76,73144897	68,32924838	20,37664477	107,1920643	111,6283573	176,9148469	894,5434944	45,22373869	
36,32911802	35,68652955	70,05914906	60,29051327	34,76015873	90,70097752	94,4547639	239,4071559	54,8924417	28,61093672	
39,96202982	30,74531776	52,5443618	49,03628413	9,589009305	74,2098907	17,17359344	146,108779	70,47918441	28,61093672	
75,38291989	120,7851769	110,926986	130,2275087	62,32856048	234,5399015	151,7000754	741,9861487	126,0493106	31,37973705	
34,51266212	35,68652955	50,04224933	89,22995965	23,97252326	110,8567503	31,4849213	215,642475	102,3303543	48,91547246	
20,88924286	26,90215304	48,37417435	80,38735103	13,18488779	70,54520474	31,4849213	167,2329398	25,75200969	22,15040262	
26,33861056	51,60821196	45,0380244	81,19122454	26,36977559	45,80857451	88,73023275	184,8364072	48,79328151	35,99440426	
31,78797827	40,62774133	29,19131211	39,38980201	14,38351396	18,3234298	105,9038262	73,0543895	19,6528495	17,53573541	
16,34810311	26,35312951	43,36994942	37,78205499	29,96565408	52,22177494	117,3528885	63,37248246	31,85116988	23,07333606	
14,53164721	77,41231794	64,22088664	90,03383316	26,36977559	104,4435499	80,14343604	304,5399851	43,37180579	28,61093672	
21,79747081	40,62774133	64,22088664	35,37043445	29,96565408	45,80857451	91,59249833	107,3811508	42,01643686	35,07147082	
14,53164721	25,80410598	27,52323713	10,45035563	25,17114943	22,90428725	48,65851474	87,13716338	25,75200969	28,61093672	
11,80696336	24,70605892	35,86361202	65,91762785	37,15741106	56,80263239	31,4849213	164,5924197	38,62801453	4,614667213	
7,265823604	16,47070594	19,18286224	24,92007882	22,7738971	33,89834514	28,62265573	96,81907042	20,33053396	16,61280197	
36,32911802	29,6472707	70,89318655	74,76023646	67,12306514	46,724746	85,86796718	91,53803021	52,18170384	19,38160229	
12,71519131	9,882423566	13,34459982	20,09683776	19,17801861	24,73663023	40,07171802	99,45959052	30,49580095	27,68800328	
16,34810311	31,84336483	68,39107409	76,36798348	44,34916804	32,98217365	120,2151541	74,81473623	32,52885434	47,06960557	
26,33861056	44,47090605	76,73144897	75,56410997	58,73268199	42,14388855	100,179295	66,01300256	30,49580095	29,53387016	
118,9778615	174,589483	202,6711098	295,8254518	443,4916804	84,28777709	291,9510884	162,832073	126,0493106	86,7557436	
39,96202982	81,25548266	95,08027373	149,5204729	391,9507553	32,98217365	151,7000754	244,6881961	52,18170384	31,37973705	
14,53164721	21,96094126	28,35727462	31,3510669	43,15054187	17,40725831	37,20945245	37,8474548	14,23137377	22,15040262	
10,89873541	32,39238836	41,70187444	37,78205499	51,54092501	21,98811576	100,179295	21,12416082	25,07432522	30,45680361	
29,97152236	24,15703538	50,87628682	38,5859285	46,74642036	53,13794643	71,55663932	29,04572113	26,42969415	44,30080524	
22,70569876	37,88262367	60,88473669	55,46727221	59,93130816	35,73068812	134,5264819	86,25699001	34,56190774	35,99440426	
10,89873541	65,88282378	28,35727462	42,60529605	27,56840175	23,82045874	71,55663932	192,7579675	43,37180579	14,76693508	
10,89873541	7,137305909	9,174412377	11,25422914	33,56153257	0,91617149	45,79624916	18,48364072	39,305699	7,383467541	
8,174051554	12,62754122	20,01689973	13,66584968	20,37664477	7,329371921	11,44906229	19,36381408	15,58674271	12,9210682	
3,632911802	12,07851769	8,340374888	8,038735103	13,18488779	5,497028941	11,44906229	50,16988194	2,710737862	7,383467541	
0,90822795	3,84316472	3,336149955	3,215494041	2,397252326	0	11,44906229	22,88450755	5,421475724	3,69173377	
0,90822795	2,745117657	4,170187444	3,215494041	3,595878489	2,74851447	0	0	0	0,922933443	
0,90822795	0,549023531	2,502112467	2,411620531	0	0	0	4,400866837	0	1,845866885	
0	1,647070594	0	2,411620531	2,397252326	0,91617149	2,862265573	0	0	0,922933443	
0	0,549023531	1,668074978	0,80387351	2,397252326	0	5,724531145	0	0	0	
0,90822795	0,549023531	1,668074978	0,80387351	3,595878489	0	0	0	0	0	
										
H1										
V1	V2	V3	V4	V5	V6	V7	V8	V9	V10	
0,776626975	1,67219296	181,3824708	20,50322721	15,18748485	9,176078513	11,83161285	3,691437282	4,532004469	1,555844104	
0,776626975	0	22,3377427	31,78000218	43,66401894	3,277170897	25,3534561	0,738287456	5,438405362	1,555844104	
6,989642775	3,344385919	15,18966504	44,08193851	49,35932576	17,04128867	37,18506894	1,476574913	7,25120715	3,111688207	
1,941567438	3,344385919	9,82860679	14,35225905	9,492178031	5,243473436	1,690230406	0,738287456	1,812801787	0	
1,164940463	0	8,041587374	18,45290449	3,796871212	5,898907615	8,451152032	1,476574913	0,906400894	0,777922052	
2,718194413	4,180482399	8,935097082	8,201290886	13,28904924	5,898907615	5,070691219	2,953149825	0	0,777922052	
0,776626975	2,508289439	29,48582037	22,55354994	28,47653409	5,243473436	6,760921626	0,738287456	5,438405362	4,667532311	
2,329880925	3,344385919	14,29615533	34,85548626	36,07027652	17,04128867	11,83161285	0	8,157608043	7,779220518	
4,65976185	15,88583312	33,0598592	51,25806803	13,28904924	13,10868359	6,760921626	1,476574913	5,438405362	1,555844104	
14,75591253	19,23021904	227,8449756	70,73613389	140,4842349	48,50212928	87,89198114	11,07431184	32,63043217	15,55844104	
6,601329288	6,688771839	65,2262087	134,2961383	55,05463258	51,123866	38,87529935	7,382874563	17,22161698	7,779220518	
11,64940463	7,524868318	377,0610969	106,6167815	91,1249091	24,25106464	57,46783382	5,906299651	13,59601341	10,89090873	
18,6390474	4,180482399	74,16130578	107,6419429	93,0233447	55,71190525	152,1207366	9,597736932	33,53683307	23,33766155	
5,824702313	8,360964798	411,9079755	233,7367902	170,8592046	95,03795602	125,0770501	11,8125993	20,84722056	14,00259693	
17,47410694	22,57460496	464,6250483	132,2458155	115,804572	38,67061659	84,51152032	15,50403658	29,91122949	19,4480513	
34,1715869	45,14920991	282,3490678	443,8948692	537,2572766	226,1247919	229,8713353	21,41033623	74,32487329	75,45843903	
13,97928555	31,77166623	716,594786	164,0258177	182,2498182	59,64451033	120,0063589	20,67204878	54,38405362	38,11818054	
31,065079	65,21552543	1887,986013	343,4290558	637,8743637	100,9368636	329,5949293	70,13730835	112,3937108	68,45714056	
14,75591253	76,08477966	612,9476598	223,4851766	182,2498182	112,0792447	87,89198114	22,88691115	77,95047686	36,56233644	
12,4260316	49,32969231	362,7649415	222,4600153	242,9997576	98,9705611	77,7505987	10,33602439	57,1032563	22,5597395	
13,20265858	60,19894655	2382,096882	395,7122852	400,5699129	142,2292169	108,174746	18,45718641	60,72885988	19,4480513	
14,36759904	19,23021904	815,7743636	85,08839294	117,7030076	49,81299764	60,84829463	14,02746167	29,0048286	24,11558361	
17,47410694	41,80482399	610,2671307	259,3658243	332,2262311	144,8509537	69,29944667	12,55088676	57,1032563	53,67662158	
36,11315434	25,91899087	663,8777132	153,7742041	180,3513826	158,6150714	202,8276488	10,33602439	35,34963486	34,22857028	
27,18194413	7,524868318	98,2860679	75,86194069	199,3357387	60,95537869	98,03336358	8,859449476	66,16726524	28,00519387	
78,05101099	35,95214863	230,5255047	271,6677606	495,4916932	205,8063324	162,262119	32,48464808	247,447444	161,0298647	
38,83134875	22,57460496	121,5173203	108,6671042	267,6794205	97,00425856	96,34313317	13,28917421	119,644918	56,78830978	
6,2130158	6,688771839	113,4757329	36,90580899	68,34368182	19,66302538	40,56552976	0,738287456	20,84722056	14,78051898	
4,271448363	6,688771839	73,26779607	11,27677497	15,18748485	21,62932792	35,49483854	1,476574913	12,68961251	8,55714257	
9,3195237	10,03315776	88,45746111	26,65419538	24,67966288	20,97389374	37,18506894	6,644587107	19,03441877	18,67012924	
290,0701752	224,9099531	910,4863926	1083,595558	2116,755701	908,4317727	872,1588897	121,8174303	1181,946765	346,1753131	
15,5325395	24,24679792	229,631995	87,13871566	134,788928	72,09775974	92,96267236	21,41033623	72,5120715	38,11818054	
17,08579345	41,80482399	159,9382378	95,34000654	112,0077008	71,44232556	50,70691219	24,36348606	90,64008937	37,34025849	
21,35724181	24,24679792	243,0346406	103,5412974	113,9061364	52,43473436	72,67990748	8,121162019	54,38405362	48,23116721	
12,03771811	10,86925424	293,964694	106,6167815	102,5155227	41,29235331	96,34313317	2,953149825	36,25603575	21,78181745	
18,6390474	42,64092047	321,6634949	179,4032381	159,4685909	85,86187751	256,9150218	9,597736932	25,37922502	25,67142771	
53,58726128	63,54333247	833,6445577	347,5297013	216,4216591	173,6900576	535,8030389	28,05492334	207,5658047	166,4753191	
32,61833295	32,60776271	453,9029318	297,2967946	218,3200947	108,8020738	610,1731767	5,906299651	42,600842	38,11818054	
31,065079	35,95214863	354,7233541	314,7245377	151,8748485	101,5922978	353,258155	5,906299651	32,63043217	29,56103797	
21,35724181	10,86925424	109,0081844	336,2529263	180,3513826	79,30753572	231,5615657	4,429724738	8,157608043	26,44934976	
36,50146783	51,83798175	557,5500579	1206,614922	598,007216	327,0616556	464,8133618	11,8125993	57,1032563	46,67532311	
23,29880925	12,5414472	226,0579562	417,2406738	273,3747273	114,7009814	131,8379717	5,906299651	21,75362145	21,78181745	
13,59097206	19,23021904	301,1127717	326,0013127	146,1795417	99,62599528	101,4138244	8,859449476	22,66002234	12,44675283	
22,52218228	27,59118383	456,5834609	305,4980855	148,0779773	100,9368636	245,0834089	6,644587107	32,63043217	21,0038954	
24,8520632	10,03315776	57,18462132	120,9690406	49,35932576	48,50212928	267,0564042	17,71889895	29,0048286	10,11298667	
15,5325395	10,86925424	323,4505144	85,08839294	83,53116667	25,561933	131,8379717	2,214862369	31,72403128	16,33636309	
19,80398786	29,26337679	115,2627524	347,5297013	252,4919356	114,7009814	123,3868197	8,121162019	29,91122949	34,22857028	
14,36759904	25,08289439	44,67548541	160,9503336	195,5388674	60,95537869	81,13105951	3,691437282	29,91122949	26,44934976	
8,931210213	19,23021904	54,5040922	137,3716223	89,22647349	38,67061659	60,84829463	3,691437282	18,12801787	67,67921851	
11,64940463	29,26337679	109,9016941	118,9187178	68,34368182	56,36733943	37,18506894	53,89498431	53,47765273	10,11298667	
8,542896725	55,18236767	58,97164074	101,4909747	94,92178031	34,08257733	16,90230406	36,91437282	30,81763039	11,66883078	
17,47410694	11,70535072	89,35097082	134,2961383	165,1638977	70,78689138	76,06036829	14,76574913	45,32004469	26,44934976	
6,989642775	30,93556975	70,58726695	88,16387702	26,57809849	58,33364197	21,97299528	6,644587107	14,5024143	16,33636309	
17,08579345	44,31311343	69,69375724	118,9187178	138,5857993	57,67820779	87,89198114	7,382874563	38,06883754	36,56233644	
24,07543623	18,39412256	91,13799023	132,2458155	187,945125	70,1314572	74,37013788	6,644587107	78,85687775	39,67402464	
61,74184452	63,54333247	580,7813103	353,6806694	351,2105871	245,1323831	270,436865	73,09045817	309,0827048	369,5129746	
29,51182505	26,75508735	417,2690337	313,6993764	155,6717197	157,9596373	202,8276488	40,6058101	193,0633904	248,1571345	
6,601329288	15,04973664	108,1146747	112,7677497	47,46089016	48,50212928	27,0436865	6,644587107	29,91122949	33,45064823	
13,20265858	10,86925424	43,7819757	24,60387266	36,07027652	31,46084061	47,32645138	1,476574913	25,37922502	35,78441438	
9,3195237	28,42728031	73,26779607	85,08839294	96,82021592	66,19885213	59,15806423	5,906299651	28,09842771	24,89350566	
20,19230135	33,44385919	56,29111162	71,76129525	130,9920568	73,4086281	92,96267236	7,382874563	45,32004469	24,11558361	
29,12351156	13,37754368	76,8418349	125,069686	72,14055304	123,8770599	474,9547442	2,214862369	40,78804022	20,22597335	
3,494821388	5,852675359	34,84687862	29,72967946	11,39061364	13,76411777	18,59253447	0,738287456	19,94081966	6,223376415	
5,436388825	13,37754368	82,20289315	38,95613171	37,96871212	19,66302538	13,52184325	2,953149825	11,78321162	17,11428514	
4,65976185	15,04973664	38,42091745	42,03161579	15,18748485	21,62932792	13,52184325	0	7,25120715	3,889610259	
0	2,508289439	13,40264562	12,30193633	3,796871212	8,520644333	3,380460813	0,738287456	1,812801787	0,777922052	
0,388313488	5,852675359	11,61562621	18,45290449	3,796871212	5,243473436	0	0	1,812801787	3,111688207	
0	0,83609648	16,97668446	2,050322721	1,898435606	2,621736718	0	0	3,625603575	0	
0,776626975	4,180482399	13,40264562	0	3,796871212	3,277170897	1,690230406	0	0	3,111688207	
0,776626975	0	8,041587374	1,025161361	0	1,966302538	3,380460813	0	0,906400894	0	
0	0	4,467548541	4,100645443	0	2,621736718	0	0	0	0	
										
H2										
V1	V2	V3	V4	V5	V6	V7	V8	V9	V10	V11
31,12706957	17,54431604	3,280010242	18,70287625	11,1169266	27,30390013	13,47232301	170,7071363	4,524465882	4,85590519	3,5211288
18,67624174	38,98736898	7,216022533	9,351438126	16,05778287	39,51880281	18,65398571	152,2523107	8,294854116	5,827086228	3,5211288
62,25413915	23,39242139	6,560020485	14,02715719	34,58599388	17,96309219	31,08997619	84,58461706	7,540776469	5,827086228	4,694838401
0	13,64557914	3,936012291	10,52036789	9,881712538	5,029665813	6,217995237	67,66769365	1,508155294	1,942362076	2,934274
6,225413915	4,873421122	5,248016388	5,844648829	11,1169266	7,185236875	5,181662698	23,06853193	3,016310588	1,942362076	0
6,225413915	12,67089492	1,968006145	3,506789297	4,940856269	7,903760563	10,3633254	36,90965108	0	4,85590519	0
24,90165566	21,44305294	6,560020485	8,18250836	24,70428134	10,77785531	7,254327777	58,44028088	1,508155294	7,769448304	1,7605644
28,01436262	17,54431604	11,80803687	9,351438126	33,35077981	16,52604481	7,254327777	89,19832345	2,262232941	10,68299142	8,802822001
24,90165566	16,56963182	5,904018436	15,19608695	14,82256881	11,496379	3,108997619	52,28867237	6,032621175	1,942362076	5,281693201
96,49391568	34,11394786	18,36805736	40,9125418	130,9326911	51,7337055	39,3806365	110,7289532	15,08155294	69,92503473	14,0845152
49,80331132	67,25321149	15,74404916	32,73003344	72,87762997	58,20041869	42,48963412	366,0207066	16,58970823	11,65417246	14,67137
18,67624174	55,5570008	15,74404916	39,74361204	61,76070336	25,86685275	42,48963412	149,1765065	12,81932	24,27952595	7,042257601
80,93038089	102,3418436	28,86409013	58,44648829	121,0509786	53,88927656	74,61594285	246,0643405	39,96611529	41,76078463	24,0610468
52,91601828	140,3545283	33,45610447	52,60183946	109,934052	111,3711716	68,39794761	609,0092428	33,17941647	32,04897425	42,25354561
112,0574505	71,15194839	20,3360635	46,75719063	67,9367737	52,45222919	48,70762936	222,9958086	12,06524235	61,18440539	28,1690304
233,4530218	211,5064767	83,96826221	182,3530435	240,8667431	195,438443	169,9585365	961,1888302	49,01504705	121,3976297	85,09394601
96,49391568	73,10131684	33,45610447	63,12220735	96,34669724	61,79303713	74,61594285	284,5118938	38,45795999	67,98267266	26,9953208
435,778974	144,2532652	59,69618641	143,7783612	240,8667431	163,8234008	212,4481706	421,3851832	57,30990117	307,864389	62,20660881
136,9591061	94,54436978	53,79216798	80,65615384	93,87626911	81,19317669	82,90660317	347,565881	39,21203764	91,29101757	36,3849976
161,8607618	86,74689598	35,42411062	74,81150501	118,5805505	168,8530666	84,97926825	476,7496598	27,90087294	104,8875521	46,36152921
168,0861757	159,8482128	57,07217822	91,17652173	156,8721865	189,6902535	95,34259364	779,7163791	43,73650352	67,98267266	63,96717321
87,15579481	41,91142165	22,30406965	39,74361204	102,5227676	61,79303713	46,63496428	189,1619618	18,09786353	68,9538537	15,2582248
108,9447435	138,4051599	43,95213725	101,6968896	130,9326911	150,8899744	89,1245984	859,6872898	55,80174587	64,09794851	67,48830201
199,2132453	136,4557914	45,26414135	129,751204	160,5778287	397,3435992	112,9602468	1667,085907	43,73650352	87,40629342	46,36152921
158,7480548	79,92410641	31,48809833	101,6968896	109,934052	86,2228425	115,0329119	298,3530129	59,57213411	79,63684511	19,3662084
357,9613001	189,0887396	70,19221919	220,9277257	438,5009939	142,9862138	241,4654817	287,587698	85,96485175	209,7751042	68,66201161
189,8751244	105,2658962	59,69618641	118,0619063	228,5146024	71,85236875	172,0312016	95,34993196	52,03135764	108,7722763	32,277014
37,35248349	20,46836871	16,40005121	30,39217391	30,88035168	12,93342638	24,87198095	35,37174895	6,032621175	26,22188802	17,0187892
28,01436262	14,62026337	11,15203482	18,70287625	33,35077981	13,65195006	22,79931587	41,52335747	5,278543529	24,27952595	8,802822001
40,46519045	28,26584251	17,71205531	19,87180602	28,40992355	40,95585019	40,41696904	79,97091068	6,786698822	27,19306906	11,737096
1578,142427	812,8866432	485,4415159	1060,219298	1693,478486	640,9231293	1204,218411	490,590779	314,4503788	1484,935807	301,6433672
124,5082783	71,15194839	33,45610447	94,68331103	134,6383333	67,54122663	105,705919	359,869098	22,62232941	106,8299142	26,9953208
180,5370035	84,79752753	41,32812906	95,85224079	143,2848318	66,10417925	109,8512492	87,66042132	36,19572705	102,94519	39,90612641
84,04308785	27,29115829	23,61607375	50,26397993	150,6961162	51,01518181	59,07095476	259,9054597	25,63864	39,81842256	30,5164496
121,3955713	82,84815908	14,43204507	32,73003344	55,58463302	73,28941613	76,68860793	335,262664	9,048931763	37,87606048	23,474192
180,5370035	90,64563288	27,55208604	67,79792641	127,2270489	127,1786927	209,339173	822,7776387	34,68757176	62,15558643	22,3004824
479,3568714	277,785004	103,6483237	251,3198996	235,9258868	280,9427618	373,0797142	1171,881422	157,6022282	179,668492	146,1268452
376,6375418	149,1266863	45,92014339	106,3726087	161,8130428	174,6012561	189,6488547	1185,722541	53,53951293	69,92503473	35,7981428
239,6784357	148,1520021	32,14410038	94,68331103	140,8144037	117,1193611	141,9775579	985,7952643	35,44164941	59,24204332	33,4507236
202,3259522	140,3545283	34,76810857	72,47364548	117,3453364	124,3045979	97,41525872	1050,387154	29,40902823	33,99133633	22,8873372
317,4961097	462,0003224	80,03224992	181,1841137	327,3317278	320,4615646	257,0104698	1536,364226	78,42407528	67,01149162	78,05168841
71,59226002	193,9621607	32,80010242	88,8386622	112,4044801	163,1048771	161,6678762	672,0632301	24,88456235	22,33716387	38,73241681
99,60662264	124,7595807	26,89608399	51,43290969	82,7593425	97,00069781	69,43428015	489,0528768	9,80300941	19,42362076	18,1924988
133,8463992	138,4051599	40,01612496	75,98043477	88,93541284	102,7488873	116,0692444	661,2979152	51,27727999	43,70314671	29,34274
112,0574505	86,74689598	25,58407989	61,95327758	64,2311315	54,60780025	136,7958952	193,7756682	57,30990117	39,81842256	15,8450796
80,93038089	57,50636925	20,99206555	40,9125418	80,28891437	34,489137	58,03462222	186,0861575	21,86825176	67,01149162	15,2582248
96,49391568	162,7722655	28,20808809	67,79792641	109,934052	270,1649065	76,68860793	2177,669414	31,67126117	47,58787086	31,6901592
62,25413915	73,10131684	16,40005121	43,25040133	93,87626911	81,19317669	55,96195714	521,3488215	30,16310588	29,13543114	18,7793536
71,59226002	55,5570008	12,46403892	28,05431438	53,11420489	44,54846863	35,23530635	250,6780469	13,57339764	51,47259501	34,6244332
46,69060436	46,78484278	24,27207579	49,09505016	54,34941896	76,16351088	36,27163889	530,5762343	18,09786353	32,04897425	41,07983601
12,45082783	44,83547433	9,184028679	37,4057525	70,40720183	38,80027913	21,76298333	219,9200044	8,294854116	28,1642501	23,474192
161,8607618	69,20257994	28,86409013	58,44648829	161,8130428	104,9044584	75,65227539	316,8078384	25,63864	37,87606048	20,539918
21,7889487	72,12663261	9,184028679	25,71645485	55,58463302	144,4232612	24,87198095	1061,152469	17,34378588	9,71181038	15,2582248
96,49391568	68,22789571	21,6480676	72,47364548	101,2875535	183,942064	49,7439619	1101,137924	41,47427058	71,86739681	24,0610468
108,9447435	77,97473796	20,99206555	92,34545149	107,4636238	68,978274	62,17995237	306,0425236	61,83436705	78,66566407	18,1924988
385,9756627	276,8103198	124,6403892	251,3198996	374,2698624	176,0383034	320,2267547	479,8254641	237,5344588	195,2073886	105,633864
221,002194	199,810266	70,19221919	205,7316388	197,6342508	191,1273009	232,1384889	1094,986315	176,4541694	135,9653453	89,20192961
71,59226002	38,98736898	16,40005121	38,57468227	56,81984709	52,45222919	45,59863174	196,8514724	24,88456235	52,44377605	25,2347564
43,5778974	42,88610588	7,872024582	24,54752508	67,9367737	22,27423431	32,12630873	46,13706385	21,11417411	37,87606048	13,4976604
74,70496698	57,50636925	10,49603278	44,4193311	93,87626911	42,39289756	37,30797142	116,8805618	18,85194117	42,73196567	21,1267728
87,15579481	45,81015855	13,77604302	32,73003344	100,0523394	41,67437388	59,07095476	124,5700724	34,68757176	68,9538537	18,1924988
130,7336922	197,8608976	44,6081393	58,44648829	121,0509786	88,37841356	198,9758476	613,6229492	36,9498047	17,48125868	34,0375784
31,12706957	12,67089492	5,248016388	7,013578595	14,82256881	8,62228425	11,39965794	67,66769365	1,508155294	16,51007765	3,5211288
46,69060436	20,46836871	5,248016388	18,70287625	14,82256881	10,05933163	24,87198095	86,12251919	18,85194117	18,45243972	3,5211288
24,90165566	27,29115829	7,216022533	21,04073578	24,70428134	51,7337055	17,61765317	281,4360895	3,016310588	11,65417246	10,5633864
9,338120872	6,822789571	3,280010242	10,52036789	11,1169266	31,61504225	7,254327777	119,956366	2,262232941	5,827086228	0,5868548
0	4,873421122	0,656002048	1,168929766	7,411284403	2,155571063	1,03633254	16,91692341	0	5,827086228	2,934274
0	0,974684224	0	4,675719063	4,940856269	2,155571063	5,181662698	9,22741277	1,508155294	6,798267266	0,5868548
6,225413915	0,974684224	0	2,337859532	6,176070336	0	0	1,537902128	0,754077647	1,942362076	0
0	2,924052673	0	0	0	0	0	1,537902128	0,754077647	3,884724152	0
3,112706957	3,898736898	0	0	4,940856269	0	0	0	0	0	0
